LHAPDF 6.5.3 loading /usr/share/lhapdf/LHAPDF/NNPDF40_nnlo_as_01180/NNPDF40_nnlo_as_01180_0000.dat
NNPDF40_nnlo_as_01180 PDF set, member #0, version 1; LHAPDF ID = 331100
    O1 left  O1 right  O2 left  O2 right      PineAPPL       FkTable  permille_error
0       0.0       0.5    197.0     296.0  1.730993e+02  1.730713e+02       -0.161865
1       0.0       0.5    296.0     419.0  2.446121e+01  2.445814e+01       -0.125598
2       0.0       0.5    419.0     565.0  4.238709e+00  4.238093e+00       -0.145124
3       0.0       0.5    565.0     740.0  8.585037e-01  8.584099e-01       -0.109202
4       0.0       0.5    740.0     944.0  1.927508e-01  1.927330e-01       -0.092442
5       0.0       0.5    944.0    1181.0  4.702810e-02  4.702269e-02       -0.114941
6       0.0       0.5   1181.0    1455.0  1.196700e-02  1.196585e-02       -0.095963
7       0.0       0.5   1455.0    1770.0  3.057407e-03  3.057212e-03       -0.063850
8       0.0       0.5   1770.0    2132.0  7.533864e-04  7.533367e-04       -0.065953
9       0.0       0.5   2132.0    2546.0  1.699031e-04  1.698942e-04       -0.052538
10      0.0       0.5   2546.0    3019.0  3.302682e-05  3.302114e-05       -0.172000
11      0.0       0.5   3019.0    3416.0  6.168862e-06  6.167533e-06       -0.215472
12      0.0       0.5   3416.0    4010.0  9.889490e-07  9.888110e-07       -0.139558
13      0.5       1.0    270.0     386.0  1.626253e+02  1.626061e+02       -0.117855
14      0.5       1.0    386.0     526.0  2.722071e+01  2.721550e+01       -0.191324
15      0.5       1.0    526.0     693.0  5.353938e+00  5.353061e+00       -0.163701
16      0.5       1.0    693.0     890.0  1.171229e+00  1.171127e+00       -0.087228
17      0.5       1.0    890.0    1118.0  2.776484e-01  2.776139e-01       -0.124431
18      0.5       1.0   1118.0    1383.0  6.853838e-02  6.853091e-02       -0.109125
19      0.5       1.0   1383.0    1687.0  1.697813e-02  1.697677e-02       -0.080530
20      0.5       1.0   1687.0    2037.0  4.058620e-03  4.058306e-03       -0.077427
21      0.5       1.0   2037.0    2438.0  8.905882e-04  8.905442e-04       -0.049323
22      0.5       1.0   2438.0    2895.0  1.705615e-04  1.705429e-04       -0.109574
23      0.5       1.0   2895.0    3416.0  2.650157e-05  2.649673e-05       -0.182799
24      0.5       1.0   3416.0    4010.0  2.982545e-06  2.982166e-06       -0.127075
25      1.0       1.5    419.0     565.0  5.413978e+01  5.413238e+01       -0.136699
26      1.0       1.5    565.0     740.0  1.094850e+01  1.094677e+01       -0.157860
27      1.0       1.5    740.0     944.0  2.428634e+00  2.428440e+00       -0.079799
28      1.0       1.5    944.0    1181.0  5.778421e-01  5.777958e-01       -0.080081
29      1.0       1.5   1181.0    1455.0  1.413872e-01  1.413740e-01       -0.093606
30      1.0       1.5   1455.0    1770.0  3.453928e-02  3.453670e-02       -0.074956
31      1.0       1.5   1770.0    2132.0  8.077219e-03  8.076701e-03       -0.064144
32      1.0       1.5   2132.0    2546.0  1.729739e-03  1.729654e-03       -0.049310
33      1.0       1.5   2546.0    3147.0  2.696473e-04  2.696085e-04       -0.143889
34      1.0       1.5   3147.0    3854.0  2.256318e-05  2.255964e-05       -0.156891
35      1.0       1.5   3854.0    4509.0  1.224256e-06  1.224156e-06       -0.081903
36      1.5       2.0    565.0     740.0  3.226321e+01  3.225895e+01       -0.132229
37      1.5       2.0    740.0     944.0  7.153088e+00  7.152532e+00       -0.077819
38      1.5       2.0    944.0    1181.0  1.698521e+00  1.698301e+00       -0.129093
39      1.5       2.0   1181.0    1455.0  4.173604e-01  4.173191e-01       -0.099004
40      1.5       2.0   1455.0    1770.0  1.020179e-01  1.020108e-01       -0.068909
41      1.5       2.0   1770.0    2132.0  2.421005e-02  2.420851e-02       -0.063908
42      1.5       2.0   2132.0    2546.0  5.147011e-03  5.146754e-03       -0.049784
43      1.5       2.0   2546.0    3019.0  9.448783e-04  9.447428e-04       -0.143406
44      1.5       2.0   3019.0    3558.0  1.368064e-04  1.367823e-04       -0.175860
45      1.5       2.0   3558.0    5058.0  5.952063e-06  5.951454e-06       -0.102167
46      2.0       2.5   1000.0    1246.0  3.522741e+00  3.522446e+00       -0.083882
47      2.0       2.5   1246.0    1530.0  8.696556e-01  8.695967e-01       -0.067700
48      2.0       2.5   1530.0    1856.0  2.117894e-01  2.117742e-01       -0.071882
49      2.0       2.5   1856.0    2231.0  4.878256e-02  4.877981e-02       -0.056323
50      2.0       2.5   2231.0    2659.0  1.008753e-02  1.008689e-02       -0.062950
51      2.0       2.5   2659.0    3147.0  1.765694e-03  1.765391e-03       -0.171433
52      2.0       2.5   3147.0    3704.0  2.347418e-04  2.347038e-04       -0.162195
53      2.0       2.5   3704.0    5058.0  1.020040e-05  1.019951e-05       -0.087704
Thanks for using LHAPDF 6.5.3. Please make sure to cite the paper:
  Eur.Phys.J. C75 (2015) 3, 132  (http://arxiv.org/abs/1412.7420)
